id,name,estimated_buy_price,estimated_sell_price,margin
49466,Aetherium alloy,5405,5974,569
49496,Cadmium red,123500,136500,13000
50686,Carbon black,3811,4212,401
49486,Cobalt blue,145350,160650,15300
50688,Compass rose,3995,4416,421
50692,Felt,4638,5127,489
49470,Quintessence,4495,4968,473
49460,Third Age iron,3734,4127,393
49512,Tyrian purple,115900,128100,12200
49514,Zarosian insignia,8108,8961,853
